pypy test.py

3-None(a) vs 6-Normal(b)
- [(7, 7), (8, 8), (8, 6), (6, 8), (9, 7), (7, 8), (8, 7), (9, 8), (11, 10), (10, 8)]
- [(7, 7), (8, 7), (8, 8), (6, 6), (6, 8), (7, 6), (8, 6), (9, 5), (5, 9), (4, 10), (9, 9), (9, 8), (10, 10), (11, 11), (6, 5), (9, 7), (7, 9), (9, 6), (9, 4), (10, 5), (6, 9), (8, 9), (4, 9), (3, 9), (7, 8), (7, 10), (4, 8), (5, 8), (10, 7), (5, 11), (6, 12), (8, 5), (7, 5), (11, 5), (12, 5), (11, 4), (12, 3), (11, 6), (11, 3), (2, 8), (1, 7), (11, 7), (11, 8), (10, 6), (8, 4), (12, 6), (13, 6), (12, 8), (13, 9), (6, 11), (5, 12), (7, 11), (8, 11), (4, 11), (3, 11), (10, 9), (11, 10), (10, 4), (9, 3), (13, 7), (14, 8), (12, 4), (13, 3), (10, 3), (10, 2), (11, 1), (8, 10), (14, 4), (9, 2), (10, 8), (12, 10), (9, 10), (8, 2), (6, 7), (12, 7), (5, 7), (7, 12), (5, 5), (13, 10), (13, 5)]
- [(7, 7), (8, 8), (8, 6), (6, 8), (9, 7), (7, 8), (8, 7), (9, 8), (7, 9), (10, 8)]
- [(7, 7), (8, 7), (8, 8), (6, 6), (6, 8), (7, 6), (8, 6), (9, 5), (5, 9), (4, 10), (9, 9), (9, 8), (10, 10), (11, 11), (6, 5), (9, 7), (7, 9), (9, 6), (9, 4), (10, 5), (6, 9), (8, 9), (4, 9), (3, 9), (7, 8), (7, 10), (4, 8), (5, 8), (10, 7), (5, 11), (6, 12), (8, 5), (7, 5), (11, 5), (12, 5), (11, 4), (12, 3), (11, 6), (11, 3), (2, 8), (1, 7), (11, 7), (11, 8), (10, 6), (8, 4), (12, 6), (13, 6), (12, 8), (13, 9), (6, 11), (5, 12), (7, 11), (8, 11), (4, 11), (3, 11), (10, 9), (11, 10), (10, 4), (9, 3), (13, 7), (14, 8), (12, 4), (13, 3), (10, 3), (10, 2), (11, 1), (8, 10), (14, 4), (7, 12), (10, 8), (6, 13), (6, 7), (9, 11), (13, 5)]
- [(7, 7), (8, 8), (8, 6), (6, 8), (9, 7), (7, 8), (8, 7), (9, 8), (6, 6), (10, 8)]
- [(7, 7), (8, 7), (8, 8), (6, 6), (6, 8), (7, 6), (8, 6), (9, 5), (5, 9), (4, 10), (9, 9), (9, 8), (10, 10), (11, 11), (6, 5), (9, 7), (7, 9), (9, 6), (9, 4), (10, 5), (6, 9), (8, 9), (4, 9), (3, 9), (7, 8), (7, 10), (4, 8), (5, 8), (10, 7), (5, 11), (6, 12), (8, 5), (7, 5), (11, 5), (12, 5), (11, 4), (12, 3), (11, 6), (11, 3), (2, 8), (1, 7), (11, 7), (11, 8), (10, 6), (8, 4), (12, 6), (13, 6), (12, 8), (13, 9), (6, 11), (5, 12), (7, 11), (8, 11), (4, 11), (3, 11), (10, 9), (11, 10), (10, 4), (9, 3), (13, 7), (14, 8), (12, 4), (13, 3), (10, 3), (10, 2), (11, 1), (8, 10), (14, 4), (12, 7), (10, 8), (12, 10), (9, 10), (7, 4), (6, 7), (12, 9), (5, 7), (12, 11), (5, 5), (10, 11), (6, 10), (12, 12), (13, 5)]
- [(7, 7), (8, 8), (8, 6), (6, 8), (9, 7), (7, 8), (8, 7), (9, 8), (5, 6), (10, 8)]
- [(7, 7), (8, 7), (8, 8), (6, 6), (6, 8), (7, 6), (8, 6), (9, 5), (5, 9), (4, 10), (9, 9), (9, 8), (10, 10), (11, 11), (6, 5), (9, 7), (7, 9), (9, 6), (9, 4), (10, 5), (6, 9), (8, 9), (4, 9), (3, 9), (7, 8), (7, 10), (4, 8), (5, 8), (10, 7), (5, 11), (6, 12), (8, 5), (7, 5), (11, 5), (12, 5), (11, 4), (12, 3), (11, 6), (11, 3), (2, 8), (1, 7), (11, 7), (11, 8), (10, 6), (8, 4), (12, 6), (13, 6), (12, 8), (13, 9), (6, 11), (5, 12), (7, 11), (8, 11), (4, 11), (3, 11), (10, 9), (11, 10), (10, 4), (9, 3), (13, 7), (14, 8), (12, 4), (13, 3), (10, 3), (10, 2), (11, 1), (8, 10), (14, 4), (6, 10), (10, 8), (5, 7), (13, 5)]


3-None(a) vs 8-Sparse(b)
- [(7, 7), (6, 7), (6, 8), (7, 8), (8, 6), (9, 5), (8, 7), (8, 5), (8, 9), (7, 6), (8, 8), (8, 10), (9, 9), (9, 4), (10, 9), (5, 8)]
- [(7, 7), (8, 7), (8, 8), (6, 6), (7, 8), (7, 6), (6, 8), (9, 8), (10, 9), (8, 6), (5, 8), (4, 8), (5, 6), (5, 7), (7, 5), (9, 6), (10, 6), (6, 5), (5, 4), (9, 7), (9, 9), (9, 5), (9, 4), (6, 4), (10, 10), (11, 11), (6, 7), (3, 9), (2, 10), (8, 9), (4, 5), (3, 4), (6, 3), (3, 6), (7, 2), (8, 1), (8, 3), (10, 5), (6, 1), (5, 0), (7, 3), (5, 3), (9, 3), (10, 3), (10, 8), (10, 7), (10, 11), (10, 12), (7, 1), (7, 4), (8, 10), (7, 10), (6, 11), (8, 5), (11, 6), (11, 8)]
- [(7, 7), (6, 7), (6, 8), (7, 8), (8, 6), (9, 5), (8, 7), (8, 5), (8, 9), (7, 6), (8, 8), (8, 10), (9, 9), (9, 4), (10, 12), (5, 8)]
- [(7, 7), (8, 7), (8, 8), (6, 6), (7, 8), (7, 6), (6, 8), (9, 8), (10, 9), (8, 6), (5, 8), (4, 8), (5, 6), (5, 7), (7, 5), (9, 6), (10, 6), (6, 5), (5, 4), (9, 7), (9, 9), (9, 5), (9, 4), (6, 4), (10, 10), (11, 11), (6, 7), (3, 9), (2, 10), (8, 9), (4, 5), (3, 4), (6, 3), (3, 6), (7, 2), (8, 1), (8, 3), (10, 5), (6, 1), (5, 0), (7, 3), (5, 3), (9, 3), (10, 3), (10, 8), (10, 7), (10, 11), (10, 12), (7, 1), (7, 4), (8, 2), (7, 10), (6, 0), (11, 6)]
- [(7, 7), (6, 7), (6, 8), (7, 8), (8, 6), (9, 5), (8, 7), (8, 5), (8, 9), (7, 6), (8, 8), (8, 10), (9, 9), (9, 4), (6, 11), (5, 8)]
- [(7, 7), (8, 7), (8, 8), (6, 6), (7, 8), (7, 6), (6, 8), (9, 8), (10, 9), (8, 6), (5, 8), (4, 8), (5, 6), (5, 7), (7, 5), (9, 6), (10, 6), (6, 5), (5, 4), (9, 7), (9, 9), (9, 5), (9, 4), (6, 4), (10, 10), (11, 11), (6, 7), (3, 9), (2, 10), (8, 9), (4, 5), (3, 4), (6, 3), (3, 6), (7, 2), (8, 1), (8, 3), (10, 5), (6, 1), (5, 0), (7, 3), (5, 3), (9, 3), (10, 3), (10, 8), (10, 7), (10, 11), (10, 12), (7, 1), (7, 4), (8, 10), (7, 10), (11, 7), (11, 6)]
- [(7, 7), (6, 7), (6, 8), (7, 8), (8, 6), (9, 5), (8, 7), (8, 5), (8, 9), (7, 6), (8, 8), (8, 10), (9, 9), (9, 4), (5, 5), (5, 8)]
- [(7, 7), (8, 7), (8, 8), (6, 6), (7, 8), (7, 6), (6, 8), (9, 8), (10, 9), (8, 6), (5, 8), (4, 8), (5, 6), (5, 7), (7, 5), (9, 6), (10, 6), (6, 5), (5, 4), (9, 7), (9, 9), (9, 5), (9, 4), (6, 4), (10, 10), (11, 11), (6, 7), (3, 9), (2, 10), (8, 9), (4, 5), (3, 4), (6, 3), (3, 6), (7, 2), (8, 1), (8, 3), (10, 5), (6, 1), (5, 0), (7, 3), (5, 3), (9, 3), (10, 3), (10, 8), (10, 7), (10, 11), (10, 12), (7, 1), (7, 4), (11, 7), (7, 10), (11, 6), (8, 5), (12, 6), (11, 8)]


3-None(a) vs 8-Average(b)
- [(7, 7), (8, 7), (8, 8), (7, 8), (6, 6), (5, 5), (6, 7), (6, 9), (6, 5), (9, 6), (11, 4), (10, 5)]
- [(7, 7), (8, 7), (6, 8), (8, 6), (8, 8), (8, 5), (8, 4), (7, 6), (6, 6), (9, 9), (6, 7), (6, 5), (9, 8), (5, 4), (4, 3), (7, 8), (5, 5), (4, 4), (5, 7), (7, 5), (4, 6), (10, 5), (3, 5), (9, 5)]
- [(7, 7), (8, 7), (8, 8), (7, 8), (6, 6), (5, 5), (6, 7), (6, 9), (6, 5), (9, 6), (9, 10), (10, 5)]
- [(7, 7), (8, 7), (6, 8), (8, 6), (8, 8), (8, 5), (8, 4), (7, 6), (6, 6), (9, 9), (6, 7), (6, 5), (9, 8), (5, 4), (4, 3), (7, 8), (5, 5), (4, 4), (5, 7), (7, 5), (4, 6), (10, 5), (6, 9), (9, 5)]
- [(7, 7), (8, 7), (8, 8), (7, 8), (6, 6), (5, 5), (6, 7), (6, 9), (6, 5), (9, 6), (8, 3), (10, 5)]
- [(7, 7), (8, 7), (6, 8), (8, 6), (8, 8), (8, 5), (8, 4), (7, 6), (6, 6), (9, 9), (6, 7), (6, 5), (9, 8), (5, 4), (4, 3), (7, 8), (5, 5), (4, 4), (5, 7), (7, 5), (4, 6), (10, 5), (3, 5), (9, 5)]
- [(7, 7), (8, 7), (8, 8), (7, 8), (6, 6), (5, 5), (6, 7), (6, 9), (6, 5), (9, 6), (5, 9), (10, 5)]
- [(7, 7), (8, 7), (6, 8), (8, 6), (8, 8), (8, 5), (8, 4), (7, 6), (6, 6), (9, 9), (6, 7), (6, 5), (9, 8), (5, 4), (4, 3), (7, 8), (5, 5), (4, 4), (5, 7), (7, 5), (4, 6), (10, 5), (6, 9), (9, 5)]


6-Normal(a) vs 8-Sparse(b)
- [(7, 7), (6, 7), (6, 8), (7, 8), (5, 6), (8, 9), (8, 6), (9, 10), (10, 11), (5, 9), (6, 6), (7, 6), (5, 5), (4, 4), (8, 8), (9, 9), (5, 4), (5, 7), (9, 5), (10, 4), (4, 6), (7, 9), (6, 9), (9, 8), (3, 6), (2, 6), (5, 3), (5, 2), (3, 7), (9, 7), (4, 5), (9, 6)]
- [(7, 7), (8, 8), (7, 6), (7, 8), (8, 7), (9, 8), (6, 8), (8, 6), (7, 5), (10, 8), (11, 8), (9, 7), (7, 4), (7, 3), (5, 9), (9, 6), (4, 10), (3, 11), (9, 5), (10, 6), (11, 5), (10, 5), (8, 5), (10, 7), (10, 9), (10, 4)]
- [(7, 7), (6, 7), (6, 8), (7, 8), (5, 6), (8, 9), (8, 6), (9, 10), (10, 11), (5, 9), (6, 6), (7, 6), (5, 5), (4, 4), (8, 8), (9, 9), (5, 4), (5, 7), (9, 5), (10, 4), (4, 6), (7, 9), (6, 9), (9, 8), (3, 6), (2, 6), (5, 3), (5, 2), (6, 3), (9, 7), (9, 11), (9, 6)]
- [(7, 7), (8, 8), (7, 6), (7, 8), (8, 7), (9, 8), (6, 8), (8, 6), (7, 5), (10, 8), (11, 8), (9, 7), (7, 4), (7, 3), (5, 9), (9, 6), (4, 10), (3, 11), (9, 5), (10, 6), (11, 5), (10, 5), (6, 5), (10, 7), (5, 4), (10, 9)]
- [(7, 7), (6, 7), (6, 8), (7, 8), (5, 6), (8, 9), (8, 6), (9, 10), (10, 11), (5, 9), (6, 6), (7, 6), (5, 5), (4, 4), (8, 8), (9, 9), (5, 4), (5, 7), (9, 5), (10, 4), (4, 6), (7, 9), (6, 9), (9, 8), (3, 6), (2, 6), (5, 3), (5, 2), (3, 7), (9, 7), (4, 5), (9, 6)]
- [(7, 7), (8, 8), (7, 6), (7, 8), (8, 7), (9, 8), (6, 8), (8, 6), (7, 5), (10, 8), (11, 8), (9, 7), (7, 4), (7, 3), (5, 9), (9, 6), (4, 10), (3, 11), (9, 5), (10, 6), (11, 5), (10, 5), (8, 5), (10, 7), (10, 9), (10, 4)]
- [(7, 7), (6, 7), (6, 8), (7, 8), (5, 6), (8, 9), (8, 6), (9, 10), (10, 11), (5, 9), (6, 6), (7, 6), (5, 5), (4, 4), (8, 8), (9, 9), (5, 4), (5, 7), (9, 5), (10, 4), (4, 6), (7, 9), (6, 9), (9, 8), (3, 6), (2, 6), (5, 3), (5, 2), (9, 11), (10, 9), (4, 5), (11, 9)]
- [(7, 7), (8, 8), (7, 6), (7, 8), (8, 7), (9, 8), (6, 8), (8, 6), (7, 5), (10, 8), (11, 8), (9, 7), (7, 4), (7, 3), (5, 9), (9, 6), (4, 10), (3, 11), (9, 5), (10, 6), (11, 5), (10, 5), (8, 5), (10, 7), (6, 7), (10, 9)]


6-Normal(a) vs 8-Average(b)
- [(7, 7), (8, 7), (8, 8), (7, 8), (9, 6), (6, 9), (6, 6), (5, 10), (4, 11), (9, 9), (8, 6), (7, 6), (9, 5), (10, 4), (6, 8), (5, 9), (9, 4), (9, 7), (5, 5), (4, 4), (10, 6), (7, 9), (8, 9), (5, 8), (11, 6), (12, 6), (9, 3), (9, 2), (5, 7), (4, 9), (11, 7), (3, 9)]
- [(7, 7), (8, 8), (8, 7), (9, 7), (6, 8), (7, 9), (6, 10), (10, 6), (11, 5), (6, 7), (5, 9), (4, 10), (6, 9), (7, 8), (6, 11), (6, 12), (8, 6), (9, 5), (7, 11), (4, 8), (8, 12), (9, 13), (8, 11), (5, 11), (7, 13), (8, 9), (9, 10), (3, 9), (2, 8), (5, 6), (4, 5), (4, 9), (9, 11), (2, 10), (10, 11)]
- [(7, 7), (8, 7), (8, 8), (7, 8), (9, 6), (6, 9), (6, 6), (5, 10), (4, 11), (9, 9), (8, 6), (7, 6), (9, 5), (10, 4), (6, 8), (5, 9), (9, 4), (9, 7), (5, 5), (4, 4), (10, 6), (7, 9), (8, 9), (5, 8), (11, 6), (12, 6), (9, 3), (9, 2), (10, 7), (5, 7), (10, 3), (5, 6)]
- [(7, 7), (8, 8), (8, 7), (9, 7), (6, 8), (7, 9), (6, 10), (10, 6), (11, 5), (6, 7), (5, 9), (4, 10), (6, 9), (7, 8), (6, 11), (6, 12), (8, 6), (9, 5), (7, 11), (4, 8), (8, 12), (9, 13), (8, 11), (5, 11), (7, 13), (8, 9), (9, 10), (3, 9), (2, 8), (5, 6), (4, 5), (10, 9), (9, 11), (4, 7), (10, 11)]
- [(7, 7), (8, 7), (8, 8), (7, 8), (9, 6), (6, 9), (6, 6), (5, 10), (4, 11), (9, 9), (8, 6), (7, 6), (9, 5), (10, 4), (6, 8), (5, 9), (9, 4), (9, 7), (5, 5), (4, 4), (10, 6), (7, 9), (8, 9), (5, 8), (11, 6), (12, 6), (9, 3), (9, 2), (10, 7), (5, 7), (6, 7), (5, 6)]
- [(7, 7), (8, 8), (8, 7), (9, 7), (6, 8), (7, 9), (6, 10), (10, 6), (11, 5), (6, 7), (5, 9), (4, 10), (6, 9), (7, 8), (6, 11), (6, 12), (8, 6), (9, 5), (7, 11), (4, 8), (8, 12), (9, 13), (8, 11), (5, 11), (7, 13), (8, 9), (9, 10), (3, 9), (2, 8), (5, 6), (4, 5), (2, 10), (9, 11), (7, 12), (10, 11)]
- [(7, 7), (8, 7), (8, 8), (7, 8), (9, 6), (6, 9), (6, 6), (5, 10), (4, 11), (9, 9), (8, 6), (7, 6), (9, 5), (10, 4), (6, 8), (5, 9), (9, 4), (9, 7), (5, 5), (4, 4), (10, 6), (7, 9), (8, 9), (5, 8), (11, 6), (12, 6), (9, 3), (9, 2), (10, 5), (5, 7), (5, 6), (5, 11)]
- [(7, 7), (8, 8), (8, 7), (9, 7), (6, 8), (7, 9), (6, 10), (10, 6), (11, 5), (6, 7), (5, 9), (4, 10), (6, 9), (7, 8), (6, 11), (6, 12), (8, 6), (9, 5), (7, 11), (4, 8), (8, 12), (9, 13), (8, 11), (5, 11), (7, 13), (8, 9), (9, 10), (3, 9), (2, 8), (5, 6), (4, 5), (6, 14), (9, 11), (10, 11), (10, 10), (11, 10), (11, 9)]


8-Sparse(a) vs 8-Average(b)
- [(7, 7), (8, 7), (8, 8), (7, 8), (6, 6), (5, 5), (8, 6), (9, 6), (9, 9), (10, 10), (6, 9), (6, 7), (9, 5), (6, 8), (7, 6), (8, 9), (5, 6), (4, 6), (9, 10), (6, 4), (10, 4), (11, 3), (7, 3), (10, 5), (9, 8), (11, 4)]
- [(7, 7), (6, 7), (8, 8), (6, 6), (6, 8), (5, 9), (7, 9), (6, 5), (7, 8), (6, 4), (6, 3), (7, 10), (5, 8), (4, 8), (9, 8)]
- [(7, 7), (8, 7), (8, 8), (7, 8), (6, 6), (5, 5), (8, 6), (9, 6), (9, 9), (10, 10), (6, 9), (6, 7), (9, 5), (6, 8), (7, 6), (8, 9), (5, 6), (4, 6), (9, 10), (6, 4), (10, 4), (11, 3), (9, 11), (7, 3), (9, 12), (3, 7)]
- [(7, 7), (6, 7), (8, 8), (6, 6), (6, 8), (5, 9), (7, 9), (6, 5), (7, 8), (6, 4), (6, 3), (7, 6), (5, 8), (9, 8), (4, 8)]
- [(7, 7), (8, 7), (8, 8), (7, 8), (6, 6), (5, 5), (8, 6), (9, 6), (9, 9), (10, 10), (6, 9), (6, 7), (9, 5), (6, 8), (7, 6), (8, 9), (5, 6), (4, 6), (9, 10), (6, 4), (10, 4), (11, 3), (9, 8), (7, 3), (8, 2), (3, 7)]
- [(7, 7), (6, 7), (8, 8), (6, 6), (6, 8), (5, 9), (7, 9), (6, 5), (7, 8), (6, 4), (6, 3), (9, 8), (7, 6), (7, 5), (7, 10)]
- [(7, 7), (8, 7), (8, 8), (7, 8), (6, 6), (5, 5), (8, 6), (9, 6), (9, 9), (10, 10), (6, 9), (6, 7), (9, 5), (6, 8), (7, 6), (8, 9), (5, 6), (4, 6), (9, 10), (6, 4), (10, 4), (11, 3), (9, 8), (7, 3), (8, 2), (3, 7)]
- [(7, 7), (6, 7), (8, 8), (6, 6), (6, 8), (5, 9), (7, 9), (6, 5), (7, 8), (6, 4), (6, 3), (7, 10), (5, 8), (4, 8), (9, 8)]


====================================================
{
    '3-None(a) vs 6-Normal(b)':    {'afw': 0, 'alw': 4, 'bfw': 0, 'blw': 4, 'tie': 0},
    '3-None(a) vs 8-Sparse(b)':    {'afw': 0, 'alw': 4, 'bfw': 0, 'blw': 4, 'tie': 0},
    '3-None(a) vs 8-Average(b)':   {'afw': 0, 'alw': 4, 'bfw': 0, 'blw': 4, 'tie': 0},
    '6-Normal(a) vs 8-Sparse(b)':  {'afw': 0, 'alw': 4, 'bfw': 0, 'blw': 4, 'tie': 0},
    '6-Normal(a) vs 8-Average(b)': {'afw': 0, 'alw': 0, 'bfw': 4, 'blw': 4, 'tie': 0},
    '8-Sparse(a) vs 8-Average(b)': {'afw': 0, 'alw': 0, 'bfw': 4, 'blw': 4, 'tie': 0}
}
